[LEFT_CAM_2K]
fx=1069.08
fy=1068.79
cx=1114.64
cy=629.936
k1=-0.0617585
k2=0.0416272
p1=0.000223302
p2=1.06046e-06
k3=-0.0174837

[RIGHT_CAM_2K]
fx=1066.31
fy=1065.93
cx=1103.6
cy=627.266
k1=-0.0546682
k2=0.0299712
p1=0.000158189
p2=-0.000399956
k3=-0.0123043

[LEFT_CAM_FHD]
fx=1069.08
fy=1068.79
cx=970.64
cy=548.936
k1=-0.0617585
k2=0.0416272
p1=0.000223302
p2=1.06046e-06
k3=-0.0174837

[RIGHT_CAM_FHD]
fx=1066.31
fy=1065.93
cx=959.6
cy=546.266
k1=-0.0546682
k2=0.0299712
p1=0.000158189
p2=-0.000399956
k3=-0.0123043

[LEFT_CAM_HD]
fx=534.54
fy=534.395
cx=643.82
cy=362.968
k1=-0.0617585
k2=0.0416272
p1=0.000223302
p2=1.06046e-06
k3=-0.0174837

[RIGHT_CAM_HD]
fx=533.155
fy=532.965
cx=638.3
cy=361.633
k1=-0.0546682
k2=0.0299712
p1=0.000158189
p2=-0.000399956
k3=-0.0123043

[LEFT_CAM_VGA]
fx=267.27
fy=267.1975
cx=337.41
cy=188.984
k1=-0.0617585
k2=0.0416272
p1=0.000223302
p2=1.06046e-06
k3=-0.0174837

[RIGHT_CAM_VGA]
fx=266.5775
fy=266.4825
cx=334.65
cy=188.3165
k1=-0.0546682
k2=0.0299712
p1=0.000158189
p2=-0.000399956
k3=-0.0123043

[LEFT_DISTO]
k1=-1.18868
k2=2.57375
k3=0.112346
k4=-1.09441
k5=2.42339
k6=0.278755
p1=0.000349165
p2=-4.89309e-05

[RIGHT_DISTO]
k1=-1.29009
k2=2.54547
k3=0.0647491
k4=-1.20056
k5=2.40022
k6=0.221559
p1=7.93037e-05
p2=-0.000158165

[STEREO]
Baseline=119.837
TY=-0.269916
TZ=0.550303
CV_2K=0.0029748
CV_FHD=0.0029748
CV_HD=0.0029748
CV_VGA=0.0029748
RX_2K=0.00165829
RX_FHD=0.00165829
RX_HD=0.00165829
RX_VGA=0.00165829
RZ_2K=0.00220743
RZ_FHD=0.00220743
RZ_HD=0.00220743
RZ_VGA=0.00220743

[MISC]
Sensor_ID=0

